 0.00000E+00 0.65000E+02 0.00000E+00 0.34250E+01 0.25622E+00 0.27417E+00 0.31985E+01 0.34212E+01 0.51160E-01 0.51160E-01 0.14761E-01  211   1/0.65000E+02
 0.65000E+02 0.12500E+03 0.00000E+00 0.51211E+01 0.39857E+00 0.40565E+00 0.50312E+01 0.53730E+01 0.81420E-01 0.81420E-01 -.63190E+00  211   1/0.12500E+03
 0.12500E+03 0.20000E+03 0.00000E+00 0.28027E+01 0.19014E+00 0.19571E+00 0.27222E+01 0.28928E+01 0.45406E-01 0.45406E-01 -.47409E+00  211   1/0.20000E+03
 0.20000E+03 0.29000E+03 0.00000E+00 0.84974E+00 0.51922E-01 0.52553E-01 0.83931E+00 0.88411E+00 0.15523E-01 0.15523E-01 -.66200E+00  211   1/0.29000E+03
 0.29000E+03 0.40000E+03 0.00000E+00 0.18905E+00 0.12654E-01 0.12306E-01 0.19455E+00 0.20254E+00 0.43149E-02 0.43149E-02 -.10663E+01  211   1/0.40000E+03
 0.40000E+03 0.55000E+03 0.00000E+00 0.33443E-01 0.32520E-02 0.29739E-02 0.36904E-01 0.37902E-01 0.10395E-02 0.10395E-02 -.13712E+01  211   1/0.55000E+03
 0.00000E+00 0.65000E+02 0.00000E+00 0.34250E+01 0.23788E+00 0.27417E+00 0.29671E+01 0.31730E+01 0.47431E-01 0.47431E-01 0.10593E+01  212   1/0.65000E+02
 0.65000E+02 0.12500E+03 0.00000E+00 0.51211E+01 0.37641E+00 0.40565E+00 0.47492E+01 0.50701E+01 0.76780E-01 0.76780E-01 0.13550E+00  212   1/0.12500E+03
 0.12500E+03 0.20000E+03 0.00000E+00 0.28027E+01 0.18135E+00 0.19571E+00 0.25952E+01 0.27578E+01 0.43317E-01 0.43317E-01 0.24750E+00  212   1/0.20000E+03
 0.20000E+03 0.29000E+03 0.00000E+00 0.84974E+00 0.50584E-01 0.52553E-01 0.81724E+00 0.86069E+00 0.15185E-01 0.15185E-01 -.21651E+00  212   1/0.29000E+03
 0.29000E+03 0.40000E+03 0.00000E+00 0.18905E+00 0.12452E-01 0.12306E-01 0.19137E+00 0.19919E+00 0.42679E-02 0.42679E-02 -.81433E+00  212   1/0.40000E+03
 0.40000E+03 0.55000E+03 0.00000E+00 0.33443E-01 0.31947E-02 0.29739E-02 0.36191E-01 0.37169E-01 0.10245E-02 0.10245E-02 -.11662E+01  212   1/0.55000E+03
 0.00000E+00 0.65000E+02 0.00000E+00 0.34250E+01 0.22229E+00 0.27417E+00 0.27704E+01 0.29618E+01 0.44231E-01 0.44231E-01 0.20835E+01  213   1/0.65000E+02
 0.65000E+02 0.12500E+03 0.00000E+00 0.51211E+01 0.35289E+00 0.40565E+00 0.44499E+01 0.47498E+01 0.71980E-01 0.71980E-01 0.10523E+01  213   1/0.12500E+03
 0.12500E+03 0.20000E+03 0.00000E+00 0.28027E+01 0.17426E+00 0.19571E+00 0.24928E+01 0.26481E+01 0.41689E-01 0.41689E-01 0.88712E+00  213   1/0.20000E+03
 0.20000E+03 0.29000E+03 0.00000E+00 0.84974E+00 0.48978E-01 0.52553E-01 0.79074E+00 0.83272E+00 0.14731E-01 0.14731E-01 0.34741E+00  213   1/0.29000E+03
 0.29000E+03 0.40000E+03 0.00000E+00 0.18905E+00 0.12275E-01 0.12306E-01 0.18856E+00 0.19624E+00 0.41954E-02 0.41954E-02 -.58571E+00  213   1/0.40000E+03
 0.40000E+03 0.55000E+03 0.00000E+00 0.33443E-01 0.31641E-02 0.29739E-02 0.35809E-01 0.36773E-01 0.10102E-02 0.10102E-02 -.10524E+01  213   1/0.55000E+03
 0.00000E+00 0.65000E+02 0.00000E+00 0.34250E+01 0.21235E+00 0.27417E+00 0.26449E+01 0.28273E+01 0.42165E-01 0.42165E-01 0.28148E+01  214   1/0.65000E+02
 0.65000E+02 0.12500E+03 0.00000E+00 0.51211E+01 0.33900E+00 0.40565E+00 0.42733E+01 0.45604E+01 0.69179E-01 0.69179E-01 0.16542E+01  214   1/0.12500E+03
 0.12500E+03 0.20000E+03 0.00000E+00 0.28027E+01 0.16976E+00 0.19571E+00 0.24278E+01 0.25787E+01 0.40624E-01 0.40624E-01 0.13195E+01  214   1/0.20000E+03
 0.20000E+03 0.29000E+03 0.00000E+00 0.84974E+00 0.48132E-01 0.52553E-01 0.77679E+00 0.81793E+00 0.14466E-01 0.14466E-01 0.66092E+00  214   1/0.29000E+03
 0.29000E+03 0.40000E+03 0.00000E+00 0.18905E+00 0.11996E-01 0.12306E-01 0.18415E+00 0.19169E+00 0.41177E-02 0.41177E-02 -.22021E+00  214   1/0.40000E+03
 0.40000E+03 0.55000E+03 0.00000E+00 0.33443E-01 0.31692E-02 0.29739E-02 0.35872E-01 0.36837E-01 0.10178E-02 0.10178E-02 -.10710E+01  214   1/0.55000E+03
 0.00000E+00 0.65000E+02 0.00000E+00 0.34250E+01 0.20767E+00 0.27417E+00 0.25859E+01 0.27640E+01 0.41229E-01 0.41229E-01 0.31830E+01  215   1/0.65000E+02
 0.65000E+02 0.12500E+03 0.00000E+00 0.51211E+01 0.33160E+00 0.40565E+00 0.41792E+01 0.44595E+01 0.67644E-01 0.67644E-01 0.19953E+01  215   1/0.12500E+03
 0.12500E+03 0.20000E+03 0.00000E+00 0.28027E+01 0.16640E+00 0.19571E+00 0.23793E+01 0.25274E+01 0.39827E-01 0.39827E-01 0.16547E+01  215   1/0.20000E+03
 0.20000E+03 0.29000E+03 0.00000E+00 0.84974E+00 0.48134E-01 0.52553E-01 0.77681E+00 0.81772E+00 0.14490E-01 0.14490E-01 0.66518E+00  215   1/0.29000E+03
 0.29000E+03 0.40000E+03 0.00000E+00 0.18905E+00 0.11974E-01 0.12306E-01 0.18381E+00 0.19131E+00 0.41140E-02 0.41140E-02 -.18907E+00  215   1/0.40000E+03
 0.40000E+03 0.55000E+03 0.00000E+00 0.33443E-01 0.31238E-02 0.29739E-02 0.35308E-01 0.36258E-01 0.99709E-03 0.99709E-03 -.90128E+00  215   1/0.55000E+03
 0.00000E+00 0.65000E+02 0.00000E+00 0.34250E+01 0.19353E+00 0.27417E+00 0.24075E+01 0.25726E+01 0.38380E-01 0.38380E-01 0.44044E+01  216   1/0.65000E+02
 0.65000E+02 0.12500E+03 0.00000E+00 0.51211E+01 0.31292E+00 0.40565E+00 0.39415E+01 0.42050E+01 0.63773E-01 0.63773E-01 0.29277E+01  216   1/0.12500E+03
 0.12500E+03 0.20000E+03 0.00000E+00 0.28027E+01 0.15952E+00 0.19571E+00 0.22798E+01 0.24209E+01 0.38233E-01 0.38233E-01 0.23937E+01  216   1/0.20000E+03
 0.20000E+03 0.29000E+03 0.00000E+00 0.84974E+00 0.46351E-01 0.52553E-01 0.74739E+00 0.78682E+00 0.13929E-01 0.13929E-01 0.13574E+01  216   1/0.29000E+03
 0.29000E+03 0.40000E+03 0.00000E+00 0.18905E+00 0.11851E-01 0.12306E-01 0.18186E+00 0.18927E+00 0.40988E-02 0.40988E-02 -.18690E-01  216   1/0.40000E+03
 0.40000E+03 0.55000E+03 0.00000E+00 0.33443E-01 0.30974E-02 0.29739E-02 0.34979E-01 0.35918E-01 0.98874E-03 0.98874E-03 -.79905E+00  216   1/0.55000E+03
