 0.30000E+03 0.38000E+03 0.00000E+00 0.15963E+01 0.19595E+00 0.15530E+00 0.20226E+01 0.20115E+01 0.30977E-01 0.30977E-01 -.21187E+01  211   1/0.38000E+03
 0.38000E+03 0.47000E+03 0.00000E+00 0.33715E+01 0.34755E+00 0.30937E+00 0.37913E+01 0.37411E+01 0.59704E-01 0.59704E-01 -.10636E+01  211   1/0.47000E+03
 0.47000E+03 0.62000E+03 0.00000E+00 0.16830E+01 0.13037E+00 0.11791E+00 0.18633E+01 0.18137E+01 0.31123E-01 0.31123E-01 -.10024E+01  211   1/0.62000E+03
 0.62000E+03 0.82000E+03 0.00000E+00 0.53057E+00 0.38589E-01 0.34437E-01 0.59690E+00 0.56923E+00 0.11496E-01 0.11496E-01 -.10017E+01  211   1/0.82000E+03
 0.82000E+03 0.11000E+04 0.00000E+00 0.12383E+00 0.11936E-01 0.98584E-02 0.15178E+00 0.14061E+00 0.37762E-02 0.37762E-02 -.14053E+01  211   1/0.11000E+04
 0.11000E+04 0.15500E+04 0.00000E+00 0.20963E-01 0.20646E-02 0.17281E-02 0.25622E-01 0.22736E-01 0.90648E-03 0.90648E-03 -.85858E+00  211   1/0.15500E+04
 0.15500E+04 0.25000E+04 0.00000E+00 0.16730E-02 0.42977E-03 0.38892E-03 0.18736E-02 0.15514E-02 0.10091E-03 0.10091E-03 0.28289E+00  211   1/0.25000E+04
 0.30000E+03 0.38000E+03 0.00000E+00 0.15963E+01 0.16376E+00 0.15530E+00 0.16851E+01 0.16749E+01 0.25760E-01 0.25760E-01 -.47989E+00  212   1/0.38000E+03
 0.38000E+03 0.47000E+03 0.00000E+00 0.33715E+01 0.33212E+00 0.30937E+00 0.36217E+01 0.35742E+01 0.56827E-01 0.56827E-01 -.61036E+00  212   1/0.47000E+03
 0.47000E+03 0.62000E+03 0.00000E+00 0.16830E+01 0.12718E+00 0.11791E+00 0.18171E+01 0.17691E+01 0.30258E-01 0.30258E-01 -.67662E+00  212   1/0.62000E+03
 0.62000E+03 0.82000E+03 0.00000E+00 0.53057E+00 0.38006E-01 0.34437E-01 0.58759E+00 0.56034E+00 0.11310E-01 0.11310E-01 -.78326E+00  212   1/0.82000E+03
 0.82000E+03 0.11000E+04 0.00000E+00 0.12383E+00 0.11759E-01 0.98584E-02 0.14940E+00 0.13845E+00 0.37019E-02 0.37019E-02 -.12431E+01  212   1/0.11000E+04
 0.11000E+04 0.15500E+04 0.00000E+00 0.20963E-01 0.20442E-02 0.17281E-02 0.25340E-01 0.22482E-01 0.89671E-03 0.89671E-03 -.74325E+00  212   1/0.15500E+04
 0.15500E+04 0.25000E+04 0.00000E+00 0.16730E-02 0.42703E-03 0.38892E-03 0.18601E-02 0.15311E-02 0.10335E-03 0.10335E-03 0.33220E+00  212   1/0.25000E+04
 0.30000E+03 0.38000E+03 0.00000E+00 0.15963E+01 0.13469E+00 0.15530E+00 0.13803E+01 0.13718E+01 0.21029E-01 0.21029E-01 0.16675E+01  213   1/0.38000E+03
 0.38000E+03 0.47000E+03 0.00000E+00 0.33715E+01 0.31704E+00 0.30937E+00 0.34559E+01 0.34108E+01 0.54050E-01 0.54050E-01 -.12394E+00  213   1/0.47000E+03
 0.47000E+03 0.62000E+03 0.00000E+00 0.16830E+01 0.12417E+00 0.11791E+00 0.17736E+01 0.17266E+01 0.29493E-01 0.29493E-01 -.35096E+00  213   1/0.62000E+03
 0.62000E+03 0.82000E+03 0.00000E+00 0.53057E+00 0.37382E-01 0.34437E-01 0.57763E+00 0.55083E+00 0.11111E-01 0.11111E-01 -.54199E+00  213   1/0.82000E+03
 0.82000E+03 0.11000E+04 0.00000E+00 0.12383E+00 0.11603E-01 0.98584E-02 0.14730E+00 0.13652E+00 0.36435E-02 0.36435E-02 -.10934E+01  213   1/0.11000E+04
 0.11000E+04 0.15500E+04 0.00000E+00 0.20963E-01 0.20219E-02 0.17281E-02 0.25030E-01 0.22231E-01 0.87855E-03 0.87855E-03 -.62708E+00  213   1/0.15500E+04
 0.15500E+04 0.25000E+04 0.00000E+00 0.16730E-02 0.42084E-03 0.38892E-03 0.18297E-02 0.15057E-02 0.10180E-03 0.10180E-03 0.39758E+00  213   1/0.25000E+04
 0.30000E+03 0.38000E+03 0.00000E+00 0.15963E+01 0.11849E+00 0.15530E+00 0.12104E+01 0.12028E+01 0.18435E-01 0.18435E-01 0.33212E+01  214   1/0.38000E+03
 0.38000E+03 0.47000E+03 0.00000E+00 0.33715E+01 0.30685E+00 0.30937E+00 0.33438E+01 0.33001E+01 0.52172E-01 0.52172E-01 0.23270E+00  214   1/0.47000E+03
 0.47000E+03 0.62000E+03 0.00000E+00 0.16830E+01 0.12214E+00 0.11791E+00 0.17443E+01 0.16983E+01 0.28953E-01 0.28953E-01 -.12492E+00  214   1/0.62000E+03
 0.62000E+03 0.82000E+03 0.00000E+00 0.53057E+00 0.36952E-01 0.34437E-01 0.57076E+00 0.54425E+00 0.10977E-01 0.10977E-01 -.37018E+00  214   1/0.82000E+03
 0.82000E+03 0.11000E+04 0.00000E+00 0.12383E+00 0.11514E-01 0.98584E-02 0.14610E+00 0.13539E+00 0.36210E-02 0.36210E-02 -.10033E+01  214   1/0.11000E+04
 0.11000E+04 0.15500E+04 0.00000E+00 0.20963E-01 0.20081E-02 0.17281E-02 0.24839E-01 0.22061E-01 0.87199E-03 0.87199E-03 -.54696E+00  214   1/0.15500E+04
 0.15500E+04 0.25000E+04 0.00000E+00 0.16730E-02 0.41613E-03 0.38892E-03 0.18066E-02 0.14868E-02 0.10047E-03 0.10047E-03 0.44746E+00  214   1/0.25000E+04
 0.30000E+03 0.38000E+03 0.00000E+00 0.15963E+01 0.10891E+00 0.15530E+00 0.11100E+01 0.11029E+01 0.16862E-01 0.16862E-01 0.45303E+01  215   1/0.38000E+03
 0.38000E+03 0.47000E+03 0.00000E+00 0.33715E+01 0.30229E+00 0.30937E+00 0.32936E+01 0.32506E+01 0.51350E-01 0.51350E-01 0.39976E+00  215   1/0.47000E+03
 0.47000E+03 0.62000E+03 0.00000E+00 0.16830E+01 0.12111E+00 0.11791E+00 0.17294E+01 0.16837E+01 0.28693E-01 0.28693E-01 -.59703E-02  215   1/0.62000E+03
 0.62000E+03 0.82000E+03 0.00000E+00 0.53057E+00 0.36786E-01 0.34437E-01 0.56810E+00 0.54178E+00 0.10907E-01 0.10907E-01 -.30476E+00  215   1/0.82000E+03
 0.82000E+03 0.11000E+04 0.00000E+00 0.12383E+00 0.11447E-01 0.98584E-02 0.14520E+00 0.13456E+00 0.35949E-02 0.35949E-02 -.93740E+00  215   1/0.11000E+04
 0.11000E+04 0.15500E+04 0.00000E+00 0.20963E-01 0.20014E-02 0.17281E-02 0.24747E-01 0.21969E-01 0.87171E-03 0.87171E-03 -.50276E+00  215   1/0.15500E+04
 0.15500E+04 0.25000E+04 0.00000E+00 0.16730E-02 0.41347E-03 0.38892E-03 0.17935E-02 0.14752E-02 0.10007E-03 0.10007E-03 0.47842E+00  215   1/0.25000E+04
 0.30000E+03 0.38000E+03 0.00000E+00 0.15963E+01 0.86063E-01 0.15530E+00 0.87048E+00 0.86479E+00 0.13179E-01 0.13179E-01 0.85003E+01  216   1/0.38000E+03
 0.38000E+03 0.47000E+03 0.00000E+00 0.33715E+01 0.28781E+00 0.30937E+00 0.31344E+01 0.30937E+01 0.48707E-01 0.48707E-01 0.96506E+00  216   1/0.47000E+03
 0.47000E+03 0.62000E+03 0.00000E+00 0.16830E+01 0.11809E+00 0.11791E+00 0.16856E+01 0.16411E+01 0.27911E-01 0.27911E-01 0.35503E+00  216   1/0.62000E+03
 0.62000E+03 0.82000E+03 0.00000E+00 0.53057E+00 0.36140E-01 0.34437E-01 0.55778E+00 0.53198E+00 0.10696E-01 0.10696E-01 -.38808E-01  216   1/0.82000E+03
 0.82000E+03 0.11000E+04 0.00000E+00 0.12383E+00 0.11328E-01 0.98584E-02 0.14360E+00 0.13309E+00 0.35515E-02 0.35515E-02 -.81748E+00  216   1/0.11000E+04
 0.11000E+04 0.15500E+04 0.00000E+00 0.20963E-01 0.19818E-02 0.17281E-02 0.24475E-01 0.21733E-01 0.86053E-03 0.86053E-03 -.38867E+00  216   1/0.15500E+04
 0.15500E+04 0.25000E+04 0.00000E+00 0.16730E-02 0.41675E-03 0.38892E-03 0.18096E-02 0.14898E-02 0.10048E-03 0.10048E-03 0.43963E+00  216   1/0.25000E+04
