 0.30000E+03 0.38000E+03 0.00000E+00 0.15963E+01 0.16388E+00 0.15530E+00 0.16863E+01 0.18167E+01 0.25827E-01 0.25827E-01 -.13444E+01  211   1/0.38000E+03
 0.38000E+03 0.47000E+03 0.00000E+00 0.33715E+01 0.30170E+00 0.30937E+00 0.32872E+01 0.35375E+01 0.51766E-01 0.51766E-01 -.55043E+00  211   1/0.47000E+03
 0.47000E+03 0.62000E+03 0.00000E+00 0.16830E+01 0.11227E+00 0.11791E+00 0.16015E+01 0.17151E+01 0.26749E-01 0.26749E-01 -.28605E+00  211   1/0.62000E+03
 0.62000E+03 0.82000E+03 0.00000E+00 0.53057E+00 0.32600E-01 0.34437E-01 0.50123E+00 0.53166E+00 0.96538E-02 0.96538E-02 -.33363E-01  211   1/0.82000E+03
 0.82000E+03 0.11000E+04 0.00000E+00 0.12383E+00 0.98863E-02 0.98584E-02 0.12421E+00 0.12997E+00 0.30903E-02 0.30903E-02 -.62061E+00  211   1/0.11000E+04
 0.11000E+04 0.15500E+04 0.00000E+00 0.20963E-01 0.17954E-02 0.17281E-02 0.21894E-01 0.22522E-01 0.77459E-03 0.77459E-03 -.86851E+00  211   1/0.15500E+04
 0.15500E+04 0.25000E+04 0.00000E+00 0.16730E-02 0.42977E-03 0.38892E-03 0.18736E-02 0.18846E-02 0.10091E-03 0.10091E-03 -.49230E+00  211   1/0.25000E+04
 0.30000E+03 0.38000E+03 0.00000E+00 0.15963E+01 0.13704E+00 0.15530E+00 0.14049E+01 0.15130E+01 0.21476E-01 0.21476E-01 0.60807E+00  212   1/0.38000E+03
 0.38000E+03 0.47000E+03 0.00000E+00 0.33715E+01 0.28833E+00 0.30937E+00 0.31401E+01 0.33786E+01 0.49271E-01 0.49271E-01 -.24598E-01  212   1/0.47000E+03
 0.47000E+03 0.62000E+03 0.00000E+00 0.16830E+01 0.10953E+00 0.11791E+00 0.15618E+01 0.16724E+01 0.26006E-01 0.26006E-01 0.96546E-01  212   1/0.62000E+03
 0.62000E+03 0.82000E+03 0.00000E+00 0.53057E+00 0.32110E-01 0.34437E-01 0.49341E+00 0.52331E+00 0.94970E-02 0.94970E-02 0.22614E+00  212   1/0.82000E+03
 0.82000E+03 0.11000E+04 0.00000E+00 0.12383E+00 0.97414E-02 0.98584E-02 0.12226E+00 0.12792E+00 0.30295E-02 0.30295E-02 -.41978E+00  212   1/0.11000E+04
 0.11000E+04 0.15500E+04 0.00000E+00 0.20963E-01 0.17780E-02 0.17281E-02 0.21653E-01 0.22263E-01 0.76624E-03 0.76624E-03 -.73141E+00  212   1/0.15500E+04
 0.15500E+04 0.25000E+04 0.00000E+00 0.16730E-02 0.42703E-03 0.38892E-03 0.18601E-02 0.18743E-02 0.10335E-03 0.10335E-03 -.47144E+00  212   1/0.25000E+04
 0.30000E+03 0.38000E+03 0.00000E+00 0.15963E+01 0.11280E+00 0.15530E+00 0.11508E+01 0.12390E+01 0.17533E-01 0.17533E-01 0.31682E+01  213   1/0.38000E+03
 0.38000E+03 0.47000E+03 0.00000E+00 0.33715E+01 0.27525E+00 0.30937E+00 0.29964E+01 0.32232E+01 0.46863E-01 0.46863E-01 0.53873E+00  213   1/0.47000E+03
 0.47000E+03 0.62000E+03 0.00000E+00 0.16830E+01 0.10694E+00 0.11791E+00 0.15243E+01 0.16321E+01 0.25349E-01 0.25349E-01 0.47616E+00  213   1/0.62000E+03
 0.62000E+03 0.82000E+03 0.00000E+00 0.53057E+00 0.31586E-01 0.34437E-01 0.48505E+00 0.51438E+00 0.93301E-02 0.93301E-02 0.51261E+00  213   1/0.82000E+03
 0.82000E+03 0.11000E+04 0.00000E+00 0.12383E+00 0.96135E-02 0.98584E-02 0.12054E+00 0.12611E+00 0.29817E-02 0.29817E-02 -.23656E+00  213   1/0.11000E+04
 0.11000E+04 0.15500E+04 0.00000E+00 0.20963E-01 0.17588E-02 0.17281E-02 0.21388E-01 0.21991E-01 0.75073E-03 0.75073E-03 -.58445E+00  213   1/0.15500E+04
 0.15500E+04 0.25000E+04 0.00000E+00 0.16730E-02 0.42084E-03 0.38892E-03 0.18297E-02 0.18435E-02 0.10180E-03 0.10180E-03 -.40510E+00  213   1/0.25000E+04
 0.30000E+03 0.38000E+03 0.00000E+00 0.15963E+01 0.99290E-01 0.15530E+00 0.10091E+01 0.10864E+01 0.15370E-01 0.15370E-01 0.51360E+01  214   1/0.38000E+03
 0.38000E+03 0.47000E+03 0.00000E+00 0.33715E+01 0.26642E+00 0.30937E+00 0.28992E+01 0.31180E+01 0.45235E-01 0.45235E-01 0.95124E+00  214   1/0.47000E+03
 0.47000E+03 0.62000E+03 0.00000E+00 0.16830E+01 0.10520E+00 0.11791E+00 0.14992E+01 0.16050E+01 0.24885E-01 0.24885E-01 0.74112E+00  214   1/0.62000E+03
 0.62000E+03 0.82000E+03 0.00000E+00 0.53057E+00 0.31225E-01 0.34437E-01 0.47928E+00 0.50820E+00 0.92175E-02 0.92175E-02 0.71635E+00  214   1/0.82000E+03
 0.82000E+03 0.11000E+04 0.00000E+00 0.12383E+00 0.95408E-02 0.98584E-02 0.11956E+00 0.12508E+00 0.29633E-02 0.29633E-02 -.13012E+00  214   1/0.11000E+04
 0.11000E+04 0.15500E+04 0.00000E+00 0.20963E-01 0.17471E-02 0.17281E-02 0.21225E-01 0.21823E-01 0.74512E-03 0.74512E-03 -.49243E+00  214   1/0.15500E+04
 0.15500E+04 0.25000E+04 0.00000E+00 0.16730E-02 0.41613E-03 0.38892E-03 0.18066E-02 0.18202E-02 0.10047E-03 0.10047E-03 -.35365E+00  214   1/0.25000E+04
 0.30000E+03 0.38000E+03 0.00000E+00 0.15963E+01 0.91307E-01 0.15530E+00 0.92544E+00 0.99607E+00 0.14059E-01 0.14059E-01 0.65743E+01  215   1/0.38000E+03
 0.38000E+03 0.47000E+03 0.00000E+00 0.33715E+01 0.26246E+00 0.30937E+00 0.28557E+01 0.30711E+01 0.44523E-01 0.44523E-01 0.11445E+01  215   1/0.47000E+03
 0.47000E+03 0.62000E+03 0.00000E+00 0.16830E+01 0.10432E+00 0.11791E+00 0.14864E+01 0.15912E+01 0.24662E-01 0.24662E-01 0.87967E+00  215   1/0.62000E+03
 0.62000E+03 0.82000E+03 0.00000E+00 0.53057E+00 0.31085E-01 0.34437E-01 0.47704E+00 0.50582E+00 0.91585E-02 0.91585E-02 0.79624E+00  215   1/0.82000E+03
 0.82000E+03 0.11000E+04 0.00000E+00 0.12383E+00 0.94859E-02 0.98584E-02 0.11883E+00 0.12430E+00 0.29419E-02 0.29419E-02 -.49465E-01  215   1/0.11000E+04
 0.11000E+04 0.15500E+04 0.00000E+00 0.20963E-01 0.17413E-02 0.17281E-02 0.21146E-01 0.21739E-01 0.74488E-03 0.74488E-03 -.44590E+00  215   1/0.15500E+04
 0.15500E+04 0.25000E+04 0.00000E+00 0.16730E-02 0.41347E-03 0.38892E-03 0.17935E-02 0.18073E-02 0.10007E-03 0.10007E-03 -.32485E+00  215   1/0.25000E+04
 0.30000E+03 0.38000E+03 0.00000E+00 0.15963E+01 0.72252E-01 0.15530E+00 0.72574E+00 0.78089E+00 0.10988E-01 0.10988E-01 0.11286E+02  216   1/0.38000E+03
 0.38000E+03 0.47000E+03 0.00000E+00 0.33715E+01 0.24990E+00 0.30937E+00 0.27177E+01 0.29220E+01 0.42231E-01 0.42231E-01 0.17985E+01  216   1/0.47000E+03
 0.47000E+03 0.62000E+03 0.00000E+00 0.16830E+01 0.10172E+00 0.11791E+00 0.14487E+01 0.15507E+01 0.23989E-01 0.23989E-01 0.13012E+01  216   1/0.62000E+03
 0.62000E+03 0.82000E+03 0.00000E+00 0.53057E+00 0.30543E-01 0.34437E-01 0.46838E+00 0.49660E+00 0.89819E-02 0.89819E-02 0.11122E+01  216   1/0.82000E+03
 0.82000E+03 0.11000E+04 0.00000E+00 0.12383E+00 0.93888E-02 0.98584E-02 0.11752E+00 0.12292E+00 0.29064E-02 0.29064E-02 0.96890E-01  216   1/0.11000E+04
 0.11000E+04 0.15500E+04 0.00000E+00 0.20963E-01 0.17245E-02 0.17281E-02 0.20914E-01 0.21501E-01 0.73533E-03 0.73533E-03 -.31192E+00  216   1/0.15500E+04
 0.15500E+04 0.25000E+04 0.00000E+00 0.16730E-02 0.41675E-03 0.38892E-03 0.18096E-02 0.18230E-02 0.10048E-03 0.10048E-03 -.35988E+00  216   1/0.25000E+04
